0000000   00256   00770   01284   01798   02312   02826   03340   03854
0000010   04368   04882   05396   05910   06424   06938   07452   07966
0000020   08480   08994   09508   10022   10536   11050   11564   12078
0000030   12592   13106   13620   14134   14648   15162   15676   16190
0000040   16704   17218   17732   18246   18760   19274   19788   20302
0000050   20816   21330   21844   22358   22872   23386   23900   24414
0000060   24928   25442   25956   26470   26984   27498   28012   28526
0000070   29040   29554   30068   30582   31096   31610   32124   32638
0000080   33152   33666   34180   34694   35208   35722   36236   36750
0000090   37264   37778   38292   38806   39320   39834   40348   40862
00000a0   41376   41890   42404   42918   43432   43946   44460   44974
00000b0   45488   46002   46516   47030   47544   48058   48572   49086
00000c0   49600   50114   50628   51142   51656   52170   52684   53198
00000d0   53712   54226   54740   55254   55768   56282   56796   57310
00000e0   57824   58338   58852   59366   59880   60394   60908   61422
00000f0   61936   62450   62964   63478   63992   64506   65020   65534
0000100
