0000000  000400  001402  002404  003406  004410  005412  006414  007416
0000010  010420  011422  012424  013426  014430  015432  016434  017436
0000020  020440  021442  022444  023446  024450  025452  026454  027456
0000030  030460  031462  032464  033466  034470  035472  036474  037476
0000040  040500  041502  042504  043506  044510  045512  046514  047516
0000050  050520  051522  052524  053526  054530  055532  056534  057536
0000060  060540  061542  062544  063546  064550  065552  066554  067556
0000070  070560  071562  072564  073566  074570  075572  076574  077576
0000080  100600  101602  102604  103606  104610  105612  106614  107616
0000090  110620  111622  112624  113626  114630  115632  116634  117636
00000a0  120640  121642  122644  123646  124650  125652  126654  127656
00000b0  130660  131662  132664  133666  134670  135672  136674  137676
00000c0  140700  141702  142704  143706  144710  145712  146714  147716
00000d0  150720  151722  152724  153726  154730  155732  156734  157736
00000e0  160740  161742  162744  163746  164750  165752  166754  167756
00000f0  170760  171762  172764  173766  174770  175772  176774  177776
0000100
