0000000   50462976  117835012  185207048  252579084
0000020  319951120  387323156  454695192  522067228
0000040  589439264  656811300  724183336  791555372
0000060  858927408  926299444  993671480 1061043516
0000100 1128415552 1195787588 1263159624 1330531660
0000120 1397903696 1465275732 1532647768 1600019804
0000140 1667391840 1734763876 1802135912 1869507948
0000160 1936879984 2004252020 2071624056 2138996092
0000200 2206368128 2273740164 2341112200 2408484236
0000220 2475856272 2543228308 2610600344 2677972380
0000240 2745344416 2812716452 2880088488 2947460524
0000260 3014832560 3082204596 3149576632 3216948668
0000300 3284320704 3351692740 3419064776 3486436812
0000320 3553808848 3621180884 3688552920 3755924956
0000340 3823296992 3890669028 3958041064 4025413100
0000360 4092785136 4160157172 4227529208 4294901244
0000400
