0000000   506097522914230528  1084818905618843912
0000020  1663540288323457296  2242261671028070680
0000040  2820983053732684064  3399704436437297448
0000060  3978425819141910832  4557147201846524216
0000100  5135868584551137600  5714589967255750984
0000120  6293311349960364368  6872032732664977752
0000140  7450754115369591136  8029475498074204520
0000160  8608196880778817904  9186918263483431288
0000200  9765639646188044672 10344361028892658056
0000220 10923082411597271440 11501803794301884824
0000240 12080525177006498208 12659246559711111592
0000260 13237967942415724976 13816689325120338360
0000300 14395410707824951744 14974132090529565128
0000320 15552853473234178512 16131574855938791896
0000340 16710296238643405280 17289017621348018664
0000360 17867739004052632048 18446460386757245432
0000400
