0000000   256   770  1284  1798  2312  2826  3340  3854
0000020  4368  4882  5396  5910  6424  6938  7452  7966
0000040  8480  8994  9508 10022 10536 11050 11564 12078
0000060 12592 13106 13620 14134 14648 15162 15676 16190
0000100 16704 17218 17732 18246 18760 19274 19788 20302
0000120 20816 21330 21844 22358 22872 23386 23900 24414
0000140 24928 25442 25956 26470 26984 27498 28012 28526
0000160 29040 29554 30068 30582 31096 31610 32124 32638
0000200 33152 33666 34180 34694 35208 35722 36236 36750
0000220 37264 37778 38292 38806 39320 39834 40348 40862
0000240 41376 41890 42404 42918 43432 43946 44460 44974
0000260 45488 46002 46516 47030 47544 48058 48572 49086
0000300 49600 50114 50628 51142 51656 52170 52684 53198
0000320 53712 54226 54740 55254 55768 56282 56796 57310
0000340 57824 58338 58852 59366 59880 60394 60908 61422
0000360 61936 62450 62964 63478 63992 64506 65020 65534
0000400
