0000000 00300400400 00701402404 01302404410 01703406414
0000020 02304410420 02705412424 03306414430 03707416434
0000040 04310420440 04711422444 05312424450 05713426454
0000060 06314430460 06715432464 07316434470 07717436474
0000100 10320440500 10721442504 11322444510 11723446514
0000120 12324450520 12725452524 13326454530 13727456534
0000140 14330460540 14731462544 15332464550 15733466554
0000160 16334470560 16735472564 17336474570 17737476574
0000200 20340500600 20741502604 21342504610 21743506614
0000220 22344510620 22745512624 23346514630 23747516634
0000240 24350520640 24751522644 25352524650 25753526654
0000260 26354530660 26755532664 27356534670 27757536674
0000300 30360540700 30761542704 31362544710 31763546714
0000320 32364550720 32765552724 33366554730 33767556734
0000340 34370560740 34771562744 35372564750 35773566754
0000360 36374570760 36775572764 37376574770 37777576774
0000400
