0000000 0034060120200300400400 0074160320601302404410
0000020 0134260521202304410420 0174360721603306414430
0000040 0234461122204310420440 0274561322605312424450
0000060 0334661523206314430460 0374761723607316434470
0000100 0435062124210320440500 0475162324611322444510
0000120 0535262525212324450520 0575362725613326454530
0000140 0635463126214330460540 0675563326615332464550
0000160 0735663527216334470560 0775763727617336474570
0000200 1036064130220340500600 1076164330621342504610
0000220 1136264531222344510620 1176364731623346514630
0000240 1236465132224350520640 1276565332625352524650
0000260 1336665533226354530660 1376765733627356534670
0000300 1437066134230360540700 1477166334631362544710
0000320 1537266535232364550720 1577366735633366554730
0000340 1637467136234370560740 1677567336635372564750
0000360 1737667537236374570760 1777767737637376574770
0000400
